0.0
11.286658599326023
22.573317198652045
33.859975797978066
44.30388268206347
54.74778956614887
65.19169645023428
75.63560333431968
86.07951021840508
96.52341710249048
106.96732398657588
117.41123087066129
127.85513775474669
138.29904463883207
148.7429515229175
159.1868584070029
169.63076529108832
180.0746721751737
190.51857905925908
200.96248594334452
211.4063928274299
221.85029971151533
232.2942065956007
242.7381134796861
253.18202036377153
263.6259272478569
274.06983413194234
284.5137410160277
294.9576479001131
305.40155478419854
315.8454616682839
326.2893685523693
336.73327543645473
347.1771823205401
357.62108920462555
368.0649960887109
378.5089029727963
388.95280985688174
399.3967167409671
409.84062362505256
420.28453050913794
430.7284373932233
441.17234427730875
451.61625116139413
462.06015804547957
472.50406492956495
482.9479718136503
493.39187869773576
503.83578558182114
514.2796924659066
524.723599349992
535.1675062340775
545.6114131181628
556.0553200022482
566.4992268863336
576.9431337704191
587.3870406545044
597.8309475385898
608.2748544226753
618.7187613067606
629.162668190846
639.6065750749315
650.0504819590168
660.4943888431022
670.9382957271877
681.3822026112731
691.8261094953584
702.2700163794439
712.7139232635293
723.1578301476146
733.6017370317
744.0456439157855
754.4895507998709
764.9334576839562
775.3773645680417
785.8212714521271
796.2651783362124
806.7090852202979
817.1529921043833
827.5968989884686
838.0408058725541
848.4847127566395
858.928619640725
869.3725265248103
879.8164334088957
890.2603402929811
900.7042471770665
911.1481540611519
921.5920609452373
932.0359678293227
942.4798747134081
952.9237815974935
963.367688481579
973.8115953656643
984.2555022497497
994.6994091338352
1005.1433160179205
1015.5872229020059
1026.0311297860912
1036.4750366701767
1046.9189435542621
1057.3628504383476
1067.8067573224328
1078.2506642065182
1088.6945710906036
1099.138477974689
1109.5823848587745
1120.02629174286
1130.4701986269451
1140.9141055110306
1151.358012395116
1161.8019192792015
1172.245826163287
1182.6897330473723
1193.1336399314578
1203.577546815543
1214.0214536996284
1224.4653605837138
1234.9092674677993
1245.3531743518847
1255.7970812359702
1266.2409881200554
1276.6848950041408
1287.1288018882262
1297.5727087723117
1308.016615656397
1318.4605225404825
1328.904429424568
1339.3483363086532
1349.7922431927386
1360.236150076824
1370.6800569609095
1381.627920904026
1393.1895273336586
1405.399282947014
1418.2935232971934
1431.9106209257764
1446.2910995573677
1461.477754695947
1477.5157809819061
1494.4529066887837
1512.3395357599509
1531.2288978079398
1551.17720652281
1572.243826960959
1594.4914522122274
1617.9862899710433
1642.7982595668375
1669.0012000400739
1696.6730898831263
1725.8962790999296
1756.757734275009
1789.3492973811938
1823.7679590962175
1860.1161474415762
1898.5020326026186
1939.0398488369974
1981.8502344294607
2027.0605907046747
2074.8054611664725
2125.2269318918334
2178.47505437114
2234.708292053061
2294.0939919229536
2356.80888251818
2423.039599862393
2492.983242883959
2566.8479599713964
2644.853568411391
2727.2322085528112
2814.229034643463
2906.1029443954826
3003.127349450523
3105.590989037579
3213.7987892448587
3328.0727704628544
3448.7530056990954
3576.1986326164943
3710.7889223070392
3852.924407981453
4003.0280769337405
4161.54662932782
4328.951807552355
4505.74180009985
4692.44272414786
4889.610191254447
5097.8309608272275
5317.7246862867305
5549.945759120478
5795.1852563156235
6054.172996965611
6327.679714171164
6616.519348699104
6921.551471224759
7243.683840366443
7583.875104124607
7943.137652764891
8322.540631635235
8723.213122882908
9146.347505540129
9593.203003977722
10065.109435286722
10563.471166740053
11089.771295111335
11645.576060288344
12232.539506315748
12852.408403738114
13507.02744789178
14198.344748615598
14928.417627717283
15699.41874144864
16513.642546209652
17373.51212672297
18281.586406999253
19240.5677655525
20253.31007752817
21322.827207676703
22452.3019794473
23645.095646893373
24904.75789757746
26235.037416243867
27639.893040695802
29123.505543076324
30690.290071613563
32344.909289856063
34092.28725249998
35937.624059101785
37886.4113292851
39944.44854549511
42117.86031193536
44413.114581049056
46837.04190178556
49396.85574693373
52100.173980015694
54955.04152562438
57969.95431067147
61153.88454779301
64516.30743615469
68067.22935911747
71817.21766267713
75777.43210329785
79959.65805872642
84376.34160062058
89040.62653336507
93966.39350930217
99168.30133678048
104661.83060395239
110463.32974814335
116590.06370789066
123060.26530243993
129893.18949160041
137109.17067743329
144729.68321830098
152777.40533536166
161276.28660169357
170251.61921489143
179730.113265238
189739.97622344765
200310.99688452744
211474.63401757396
223264.10998531888
235714.50961203108
248862.88459400155
