0.0
11.286658599326021
22.573317198652042
33.859975797978066
35.559342260346796
37.34399662695545
39.218219332172175
41.18650563705767
43.25357641109988
45.42438945506301
47.70415139210845
50.098330155707885
52.61266810430058
55.2531957941498
58.02624644343227
60.93847112225204
63.99685470501186
67.20873262340295
70.58180846019485
74.12417242602355
77.84432076349353
81.75117612513422
85.85410897408651
90.16296005884793
94.6880640159821
99.44027415740202
104.43098850167904
109.67217711181283
115.1764108050309
120.95689130347712
127.02748289810505
133.40274570172016
140.09797057092834
147.1292157807484
154.5133455398532
162.26807043881482
170.41198992836968
178.9646369295847
187.94652468292136
197.3791959485632
207.28527467601236
217.6885202668832
228.61388456103924
240.08757168275503
252.1371008904394
264.7913725806655
278.08073760481415
292.0370700645851
306.6938437609745
322.08621248007677
338.2510943082764
355.2272601790545
373.05542686378874
391.7783546295798
411.4409497983356
432.0903724530968
453.77614954993265
476.55029370670496
500.46742795360854
525.584916744699
551.9630035446352
579.6649553206338
608.7572142861934
639.3095572605422
671.3952630260272
705.0912880848462
740.4784512366672
777.6416274198433
816.6699512811391
857.6570309622283
900.7011726157197
945.9056161892071
993.3787830428632
1043.23453599448
1095.5924524156635
1150.5781110341989
1208.323393130468
1268.9667988503306
1332.6537793931354
1399.5370858716024
1469.777135680306
1543.5423972514805
1621.009794120974
1702.3651292734858
1787.8035307848693
1877.529919830358
1971.7595021812147
2070.718284368641
2174.643615752957
2283.784757798178
2398.403481917375
2518.774697322737
2645.187110386211
2777.9439170921637
2917.3635302429075
3063.780343161259
3217.5455317218407
3379.027896634783
3548.6147480020077
3726.712834267674
3913.749317790849
4110.172799380268
4316.4543942485125
4533.088861966238
4760.5957931266175
4999.520855566153
5250.43710313091
5513.946350127181
5790.6806147531515
6081.3036349736185
6386.512460473498
6707.039124508409
7043.652399662173
7397.159641722393
7768.40872609655
8158.290081413096
8567.738825184993
8997.737006658099
9449.31596222374
9923.558789044884
10421.602942828784
10944.642965976827
11493.933352654882
12070.791557656006
12676.601156272118
13312.815162753479
13980.95951531525
14682.636736049722
15419.529774522482
16193.406044271156
17006.12166188825
17859.625898855284
18755.965856805848
19697.291377431065
20685.860198803643
21724.04337048784
22814.330940423304
23959.337927222503
25161.81059220629
26424.633026220647
27750.834067033036
29143.59456389942
30606.25500672584
32142.32353812276
33755.48436756885
35449.60660786544
37228.75355507527
39097.192434203585
41059.40463399582
43120.09645540009
45284.21039947408
47556.93702181004
49943.72738191041
52450.306117373475
55082.685174246886
57847.178226481155
60750.41581906737
63799.361271179696
67001.32737746568
70363.993947542
73895.42622576324
77604.0942354434
81498.89309392605
