0.0
0.5
1.0
1.5
1.5372847461794852
1.575496260557416
1.614657579345157
1.6547923113536012
1.6959246522259896
1.738079399024508
1.7812819651794554
1.8255583958099957
1.8709353834257316
1.9174402840185625
1.9651011335545305
2.0139466648755966
2.064006325021535
2.115310292982388
2.1678894978921885
2.22177563767491
2.277001198153892
2.3335994726362594
2.391604581984142
2.45105149518479
2.5119760504319983
2.5744149767315334
2.6384059160436
2.703987445975692
2.7711991030395042
2.8400814064859343
2.9106758827325367
2.983025090398158
3.057172645959845
3.133163250047497
3.211042714392105
3.290857989443835
3.3726571926765976
3.4564896375961722
3.542405863469368
3.6304576657921515
3.7206981275151025
3.813181651045027
3.9079639910420165
4.00510228803173
4.1046551028531555
4.206682451962628
4.311245843615375
4.418408314946415
4.528234469973151
4.640790518542581
4.756144316246596
4.874365405329433
4.995525056611948
5.119696312457971
5.2469540308086655
5.377374930311418
5.511037636570476
5.648022729547223
5.788412792138644
5.932292459963294
6.079748472384764
6.230869724803416
6.385747322247905
6.5444746342987985
6.707147351377405
6.873863542433747
7.044723714068453
7.2198308711242145
7.399290578783333
7.583211026208795
7.7717030917672405
7.964880409873149
8.162859439494532
8.365759534361445
8.573703014919628
8.786815242072672
9.005224692757146
9.229063037396267
9.458465219278793
9.693569535910992
9.934517722390746
10.181455036854036
10.434530348045332
10.693896225064668
10.959709029345529
11.23212900891897
11.51132039502082
11.797451501100207
12.090694824289079
12.3912271493939
12.699229655472232
13.014888025058415
13.338392556104232
13.66993827670202
14.009725062659395
14.35795775799648
14.71484629843826
15.080605837976533
15.455456878577744
15.83962540311491
16.233343011603754
16.636847060825197
17.050380807418385
17.47419355453049
17.908540802111734
18.353684400946193
18.809892710511296
19.277440760761138
19.756610417931164
20.24769055446419
20.75097722316016
21.266773835654696
21.795391345333964
22.33714843479618
22.892371707972753
23.46139588702488
24.04456401413431
24.642227658309896
25.254747127334678
25.882491684981183
26.525839773625954
27.18517924239751
27.860907580995242
28.553432159320245
29.263170473062516
29.99055039539261
30.73601043490946
31.499999999999865
32.28297966976905
33.085421471705594
33.90780916624815
