-0.28811683039932845
-0.19528031794423706
-0.0992773742741897
0.0
0.0992773742741897
0.19528031794423706
0.28811683039932845
0.377891348922903
0.46470486618033213
0.5486550438315421
0.6298363223963919
0.7083400274963982
0.784254472592329
0.8576650583332386
0.9286543686287083
0.997302263552371
1.0636859691812308
1.127880164471844
1.1899570652710945
1.249986505556071
1.3080360159944384
1.3641708999136783
1.418454306764666
1.4709473031622213
1.521708941582556
1.5707963267948966
1.6198837120072371
1.6706453504275718
1.7231383468251271
1.7774217536761148
1.8335566375953547
1.891606148033722
1.9516355883186987
2.013712489117949
2.0779066844085623
2.144290390037422
2.212938284961085
2.2839275952565545
2.357338180997464
2.433252626093395
2.5117563311934012
2.592937609758251
2.676887787409461
2.76370130466689
2.8534758231904647
2.946312335645556
3.0423152793156034
3.141592653589793
3.240870027863983
3.33687297153403
3.4297094839891216
