-0.14726215563702155
-0.09817477042468103
-0.04908738521234052
0.0
0.04908738521234052
0.09817477042468103
0.14726215563702155
0.19634954084936207
0.2454369260617026
0.2945243112740431
0.3436116964863836
0.39269908169872414
0.44178646691106466
0.4908738521234052
0.5399612373357456
0.5890486225480862
0.6381360077604268
0.6872233929727672
0.7363107781851077
0.7853981633974483
0.8344855486097889
0.8835729338221293
0.9326603190344698
0.9817477042468103
1.030835089459151
1.0799224746714913
1.1290098598838318
1.1780972450961724
1.227184630308513
1.2762720155208536
1.325359400733194
1.3744467859455345
1.423534171157875
1.4726215563702154
1.521708941582556
1.5707963267948966
1.6198837120072371
1.6689710972195777
1.718058482431918
1.7671458676442586
1.8162332528565992
1.8653206380689396
1.9144080232812801
1.9634954084936207
2.012582793705961
2.061670178918302
2.110757564130642
2.1598449493429825
2.2089323345553233
2.2580197197676637
2.3071071049800045
2.356194490192345
2.405281875404685
2.454369260617026
2.5034566458293663
2.552544031041707
2.6016314162540475
2.650718801466388
2.6998061866787286
2.748893571891069
2.7979809571034093
2.84706834231575
2.8961557275280905
2.945243112740431
2.9943304979527716
3.043417883165112
3.0925052683774528
3.141592653589793
3.1906800388021335
3.2397674240144743
3.2888548092268146
3.3379421944391554
3.3870295796514958
3.436116964863836
3.485204350076177
3.5342917352885173
3.5833791205008576
3.6324665057131984
3.6815538909255388
3.730641276137879
3.77972866135022
3.8288160465625602
3.877903431774901
3.9269908169872414
3.9760782021995817
4.025165587411922
4.074252972624263
4.123340357836604
4.172427743048944
4.221515128261284
4.270602513473625
4.319689898685965
4.368777283898306
4.417864669110647
4.466952054322987
4.516039439535327
4.565126824747668
4.614214209960009
4.663301595172349
4.71238898038469
4.76147636559703
4.81056375080937
4.859651136021712
4.908738521234052
4.957825906446392
5.006913291658733
5.056000676871073
5.105088062083414
5.154175447295755
5.203262832508095
5.252350217720435
5.301437602932776
5.350524988145116
5.399612373357457
5.448699758569798
5.497787143782138
5.546874528994478
5.595961914206819
5.64504929941916
5.6941366846315
5.743224069843841
5.792311455056181
5.841398840268521
5.890486225480862
5.939573610693203
5.988660995905543
6.037748381117884
6.086835766330224
6.135923151542564
6.1850105367549055
6.234097921967246
6.283185307179586
6.332272692391927
6.381360077604267
6.430447462816608
