0.0
0.5
1.0
1.5
1.5296561319389088
1.5598985879855363
1.5907389602099473
1.6221890698661798
1.6542609719233845
1.6869669596865493
1.7203195695085787
1.754331585595534
1.789016044906878
1.8243862421526
1.8604557348891382
1.8972383487160527
1.9347481825754398
1.9729996141561206
2.0120073054046737
2.0517862081454266
2.092351569811556
2.1337189392894986
2.1759041728789104
2.2189234403704563
2.2627932312437653
2.3075303609879216
2.3531519775469185
2.399675567892542
2.4471189647272067
2.4955003533193105
2.544838278473731
2.5951516516401325
2.6464597581618103
2.69878226466785
2.752139226611434
2.806551095957191
2.862038729020521
2.91862339446192
2.9763267814393526
3.035171007921801
3.0951786291671874
3.1563726463679025
3.2187765154672685
3.282414156150307
3.347309961012264
3.4134888049083996
3.4809760544886337
3.5497975779206983
3.6199797548055215
3.6915494862886487
3.7645342053715733
3.8389618874269296
3.9148610609215795
3.9922608183517037
4.071190827394086
4.151681342277869
4.233763215381135
4.317467909056762
4.4028275076920895
4.4898747300070045
4.578642941595178
4.669166167713245
4.76147910632284
4.855617141390485
4.95161635645042
5.049513548435588
5.149346241782063
5.251152702812338
5.354971954402978
5.460843790942265
5.5688087935835675
5.678908345800281
5.791184649248296
5.90568073994209
6.0224405047506195
6.141508698219361
6.262930959724927
6.386753830968846
6.513024773817208
6.641792188493011
6.773105432128186
6.907014837682407
7.043571733235947
7.182828461663956
7.324838400699726
7.469655983394616
7.6173367189824885
7.767937214156648
7.92151519476744
8.078129527948835
8.237840244682465
8.400708562807768
8.566796910487067
8.73616895013456
8.90888960281842
9.085025073145323
9.264642874636984
9.447811855608387
9.634602225557659
9.825085582077687
10.019334938299798
10.217424750880022
10.419430948538668
10.625430961164142
10.835503749492174
11.049729835371828
11.268191332629883
11.490971978545442
11.718157165946806
11.949833975942932
12.18609121130201
12.427019430489976
12.672710982381972
12.92326004166009
13.178762644910956
13.439316727436983
13.70502216079542
13.975980791079564
14.252296477956838
14.534075134478659
14.8214247676774
15.114455519965967
15.413279711355885
15.71801188251007
16.028768838646773
16.345669694311557
16.66883591903444
16.99839138388971
17.33446240897627
17.677177811836707
18.026668956833625
18.383069805502217
18.746516967898312
19.117149754961634
19.495110231914314
19.880543272715126
20.273596615590343
20.67442091966245
21.08316982269848
21.500000000000057
21.92507122445775
22.358546427792742
22.8005917630093
