-4.5224405047506195
-4.40568073994209
-4.291184649248296
-4.178908345800281
-4.0688087935835675
-3.960843790942265
-3.854971954402978
-3.7511527028123384
-3.6493462417820632
-3.5495135484355878
-3.45161635645042
-3.3556171413904847
-3.26147910632284
-3.1691661677132448
-3.078642941595178
-2.9898747300070045
-2.9028275076920895
-2.817467909056762
-2.733763215381135
-2.651681342277869
-2.571190827394086
-2.4922608183517037
-2.4148610609215795
-2.3389618874269296
-2.2645342053715733
-2.1915494862886487
-2.1199797548055215
-2.0497975779206983
-1.9809760544886337
-1.9134888049083996
-1.847309961012264
-1.782414156150307
-1.7187765154672685
-1.6563726463679025
-1.5951786291671874
-1.535171007921801
-1.4763267814393526
-1.4186233944619202
-1.362038729020521
-1.3065510959571909
-1.2521392266114342
-1.1987822646678499
-1.1464597581618103
-1.0951516516401325
-1.0448382784737311
-0.9955003533193105
-0.9471189647272067
-0.8996755678925421
-0.8531519775469185
-0.8075303609879216
-0.7627932312437653
-0.7189234403704563
-0.6759041728789104
-0.6337189392894986
-0.592351569811556
-0.5517862081454266
-0.5120073054046737
-0.4729996141561206
-0.4347481825754398
-0.3972383487160527
-0.3604557348891382
-0.32438624215260004
-0.28901604490687793
-0.2543315855955339
-0.22031956950857867
-0.1869669596865493
-0.1542609719233845
-0.12218906986617983
-0.09073896020994732
-0.05989858798553627
-0.029656131938908814
0.0
0.029656131938908814
0.05989858798553627
0.09073896020994732
0.12218906986617983
0.1542609719233845
0.1869669596865493
0.22031956950857867
0.2543315855955339
0.28901604490687793
0.32438624215260004
0.3604557348891382
0.3972383487160527
0.4347481825754398
0.4729996141561206
0.5120073054046737
0.5517862081454266
0.592351569811556
0.6337189392894986
0.6759041728789104
0.7189234403704563
0.7627932312437653
0.8075303609879216
0.8531519775469185
0.8996755678925421
0.9471189647272067
0.9955003533193105
1.0448382784737311
1.0951516516401325
1.1464597581618103
1.1987822646678499
1.2521392266114342
1.3065510959571909
1.362038729020521
1.4186233944619202
1.4763267814393526
1.535171007921801
1.5951786291671874
1.6563726463679025
1.7187765154672685
1.782414156150307
1.847309961012264
1.9134888049083996
1.9809760544886337
2.0497975779206983
2.1199797548055215
2.1915494862886487
2.2645342053715733
2.3389618874269296
2.4148610609215795
2.4922608183517037
2.571190827394086
2.651681342277869
2.733763215381135
2.817467909056762
2.9028275076920895
2.9898747300070045
3.078642941595178
3.1691661677132448
3.26147910632284
3.3556171413904847
3.45161635645042
3.5495135484355878
3.6493462417820632
3.7511527028123384
3.854971954402978
3.960843790942265
4.0688087935835675
4.178908345800281
4.291184649248296
4.40568073994209
4.5224405047506195
