-58.59375
-39.0625
-19.53125
1e-50
19.53125
39.0625
58.59375
78.125
97.65625
117.1875
136.71875
156.25
175.78125
195.3125
214.84375
234.375
253.90625
273.4375
292.96875
312.5
332.03125
351.5625
371.09375
390.625
410.15625
429.6875
449.21875
468.75
488.28125
507.8125
527.34375
546.875
566.40625
585.9375
605.46875
625.0
644.53125
664.0625
683.59375
703.125
722.65625
742.1875
761.71875
781.25
800.78125
820.3125
839.84375
859.375
878.90625
898.4375
917.96875
937.5
957.03125
976.5625
996.09375
1015.625
1035.15625
1054.6875
1074.21875
1093.75
1113.28125
1132.8125
1152.34375
1171.875
1191.40625
1210.9375
1230.46875
1250.0
1269.53125
1289.0625
1308.59375
1328.125
1347.65625
1367.1875
1386.71875
1406.25
1425.78125
1445.3125
1464.84375
1484.375
1503.90625
1523.4375
1542.96875
1562.5
1582.03125
1601.5625
1621.09375
1640.625
1660.15625
1679.6875
1699.21875
1718.75
1738.28125
1757.8125
1777.34375
1796.875
1816.40625
1835.9375
1855.46875
1875.0
1894.53125
1914.0625
1933.59375
1953.125
1972.65625
1992.1875
2011.71875
2031.25
2050.78125
2070.3125
2089.84375
2109.375
2128.90625
2148.4375
2167.96875
2187.5
2207.03125
2226.5625
2246.09375
2265.625
2285.15625
2304.6875
2324.21875
2343.75
2363.28125
2382.8125
2402.34375
2421.875
2441.40625
2460.9375
2480.46875
2500.0
2519.53125
2539.0625
2558.59375
