1.6161058025467185e-09 5.676705751800372e-12
1.6177029601968078e-09 5.686059079658671e-12
1.619313884863895e-09 5.69549926861445e-12
1.619313884863895e-09 5.69549926861445e-12
1.6177029601968078e-09 5.686059079658671e-12
1.6161058025467185e-09 5.676705751800372e-12
1.6138949452336151e-09 5.66376862180162e-12
1.6110077931321617e-09 5.6468918432496555e-12
1.6074302015576363e-09 5.626007075169164e-12
1.6031597767524572e-09 5.601118324267072e-12
1.5981985948231558e-09 5.572259179057537e-12
1.5925510603646386e-09 5.539480145387467e-12
1.5862231108625423e-09 5.502843850609823e-12
1.5792218674217803e-09 5.462422846341598e-12
1.571555458827748e-09 5.418298410969031e-12
1.5632329208852394e-09 5.370559778288883e-12
1.5542641311815605e-09 5.319303559810222e-12
1.5446597614651822e-09 5.264633257494874e-12
1.5344312390664206e-09 5.206658817897753e-12
1.5235907129819201e-09 5.145496203310696e-12
1.512151022282288e-09 5.081266967503725e-12
1.5001256655492091e-09 5.014097829834402e-12
1.487528770612995e-09 4.944120244837303e-12
1.4743750641791205e-09 4.871469966290159e-12
1.4606798411176927e-09 4.796286605853949e-12
1.4464589333016556e-09 4.718713187044609e-12
1.4317286779490029e-09 4.638895695697066e-12
1.416505885468551e-09 4.556982628328572e-12
1.4008078068376484e-09 4.473124539955303e-12
1.3846521005592843e-09 4.387473592997604e-12
1.3680567992588277e-09 4.3001831089455356e-12
1.3510402759891819e-09 4.211407124460161e-12
1.3336212103187985e-09 4.121299953565611e-12
1.3158185542806134e-09 4.030015757547833e-12
1.2976514982620884e-09 3.9377081241217676e-12
1.2791394369175495e-09 3.844529657362414e-12
1.2603019351841524e-09 3.7506315798188475e-12
1.241158694482258e-09 3.656163348145433e-12
1.2217295191798846e-09 3.5612722834926334e-12
1.2020342833993313e-09 3.466103217802234e-12
1.182092898242088e-09 3.370798157049453e-12
1.1619252795058245e-09 3.2754959623683935e-12
1.1415513159646465e-09 3.180332049888541e-12
1.1209908382809267e-09 3.085438109999346e-12
1.1002635886139263e-09 2.9909418466482525e-12
1.0793891909871282e-09 2.8969667371656394e-12
1.0583871224727416e-09 2.803631812998705e-12
1.0372766852482344e-09 2.7110514616262152e-12
1.016076979576022e-09 2.6193352498177336e-12
9.948068777536187e-10 2.528587768295292e-12
9.734849990776572e-10 2.438908497752843e-12
9.521296858612266e-10 2.3503916960899498e-12
9.307589805399844e-10 2.2631263066213867e-12
9.093906038984896e-10 2.17719588693419e-12
8.880419344441926e-10 2.0926785579785148e-12
8.667299889525326e-10 2.0096469728988186e-12
8.454714042026316e-10 1.928168305037676e-12
8.24282419919177e-10 1.84830425447615e-12
8.031788629322466e-10 1.7701110724123226e-12
7.821761325630771e-10 1.693639602623431e-12
7.612891872401187e-10 1.6189353392071595e-12
7.405325323461701e-10 1.5460384997540589e-12
7.1992020929396e-10 1.474984113065757e-12
6.994657858242438e-10 1.4058021205025951e-12
6.791823475173343e-10 1.3385174900194366e-12
6.590824905059809e-10 1.2731503419295514e-12
6.391783153746762e-10 1.2097160854234971e-12
6.194814222277989e-10 1.1482255648626422e-12
6.000029069065088e-10 1.0886852148651135e-12
5.807533583320047e-10 1.0310972232053397e-12
5.617428569506374e-10 9.754597005566619e-13
5.429809742544502e-10 9.217668561194265e-13
5.244767733489999e-10 8.700091781942772e-13
5.062388105388005e-10 8.201736187816554e-13
4.882751378994312e-10 7.722437813135182e-13
4.705933068042667e-10 7.262001106516178e-13
4.532003723729284e-10 6.820200845180352e-13
4.361028988079215e-10 6.39678405557662e-13
4.1930696558552315e-10 5.991471932686526e-13
4.0281817446683174e-10 5.603961750751681e-13
3.866416572949792e-10 5.233928758566836e-13
3.707820845448633e-10 4.881028052893818e-13
3.5524367459238617e-10 4.544896423974273e-13
3.4003020367110415e-10 4.225154167548524e-13
3.2514501648542627e-10 3.921406858221358e-13
3.105910374510647e-10 3.633247079450082e-13
2.9637078253537676e-10 3.3602561058631263e-13
2.8248637167258265e-10 3.1020055340463844e-13
2.689395417316447e-10 2.8580588583567714e-13
2.557316600179187e-10 2.627972988736092e-13
2.4286373829361314e-10 2.411299707901006e-13
2.3033644730671764e-10 2.20758706567475e-13
2.1815013182351806e-10 2.0163807086014712e-13
2.0630482616625982e-10 1.8372251433427885e-13
1.9480027026516262e-10 1.669664932696959e-13
1.8363592624309146e-10 1.5132458234021082e-13
1.728109955620923e-10 1.3675158051849443e-13
1.623244367741482e-10 1.2320261007936008e-13
1.5217498393448071e-10 1.1063320870061063e-13
1.4236116575527097e-10 9.899941468326947e-14
1.3288132560181421e-10 8.825784533286586e-14
1.2373364246319818e-10 7.836576856022559e-14
1.1491615306743066e-10 6.92811677736235e-14
1.064267753590249e-10 6.096280014378744e-14
9.826333361881423e-11 5.3370248328583214e-14
9.042358558601471e-11 4.646396574455027e-14
8.29052520480898e-11 4.0205315466834256e-14
7.570604950457974e-11 3.455660282612583e-14
6.882372670104108e-11 2.948110174906011e-14
6.225610608986526e-11 2.4943074854420523e-14
5.6001131638262617e-11 2.0907787267426715e-14
5.005692492008344e-11 1.7341514042429648e-14
4.4421852176708264e-11 1.4211540981480724e-14
3.909460614225911e-11 1.1486158488520309e-14
3.407430811708618e-11 9.1346478841225e-15
2.9360638418643045e-11 7.12725928742424e-15
2.495400762397416e-11 5.4351796883260775e-15
2.0855788237960806e-11 4.0304890753963915e-15
1.706863916601984e-11 2.886101251918859e-15
1.3596979167385276e-11 1.975683870997568e-15
1.0447713097719972e-11 1.2735484282613193e-15
7.631418915543611e-12 7.544935957245849e-16
5.164459714917025e-12 3.9356961107866885e-16
3.0732310625449606e-12 1.656934819185664e-16
1.4046111021574601e-12 4.49338428547827e-17
2.688445536717872e-13 2.8563766370109112e-18
1.6193138848638948e-15 5.695499268614444e-22
1.6193138848638948e-15 5.695499268614444e-22
1.6193138848638948e-15 5.695499268614444e-22
1.6193138848638948e-15 5.695499268614444e-22
1.6193138848638948e-15 5.695499268614444e-22
1.6193138848638948e-15 5.695499268614444e-22
1.6193138848638948e-15 5.695499268614444e-22
1.6193138848638948e-15 5.695499268614444e-22
